10
6695 9862 8853 8807 8385 9129 8016 7820 7566 5538 
9026 13323 12181 12233 11606 12489 10935 10778 10462 7665 
9544 14161 13163 13402 12687 13430 11744 11660 11481 8407 
9477 13893 13038 13639 13267 13890 12252 12121 12192 8834 
10786 15530 14335 14999 14897 15830 14076 13742 13810 9949 
9493 13594 12453 13032 13072 13957 12471 12122 12180 8734 
8842 12589 11516 11981 12026 12915 11531 11192 11165 8018 
8336 11980 11093 11751 11821 12439 11143 10856 11053 7892 
8551 12352 11507 12225 12229 12802 11415 11165 11380 8151 
6132 8875 8240 8780 8809 9205 8236 8042 8239 5880 
