10
7407 11253 10535 10825 9864 9892 10950 11004 10384 6624 
10901 16529 15521 15787 14384 14518 16088 16062 15147 9660 
10974 16549 15481 15803 14541 14769 16510 16513 15542 9853 
10128 15015 13898 14109 13454 13923 15384 14818 13778 8747 
9384 13738 12584 12671 12413 13061 14347 13413 12372 7874 
9664 14058 12719 12862 12736 13494 14955 13986 12883 8143 
9566 13941 12512 12742 12511 13259 15016 14394 13337 8346 
10735 15877 14334 14905 14254 14769 16815 16711 15621 9776 
10738 16018 14536 15130 14322 14678 16433 16263 15239 9643 
7438 11167 10251 10627 9973 10140 11179 11010 10328 6600 
